100001
100002
100003
100005
100006
100007
100008
100009
100010
100011
100012
100013
100014
100015
100016
100017
100018
100019
100020
100021
100022
100023
100024
100025
100026
100027
100028
100029
100030
100031
100032
100033
100034
100035
100036
100037
100038
100039
100040
100041
100042
100044
100045
100046
100047
100049
100050
100051
100052
100053
100054
100055
100056
100057
100058
100059
100060
100061
100062
100063
100064
100065
100066
100067
100068
100069
100070
100071
100072
100073
100074
100075
100076
100077
100078
100079
100080
100081
100082
100083
100084
100085
100086
100088
100090
100091
100092
100093
100094
100095
100096
100097
100098
100099
100100
100101
100102
100103
100104
100105
100106
100107
100108
100109
100110
100111
100112
100113
100114
100115
100116
100117
100118
100119
100120
100121
100122
100123
100124
100125
100126
100127
100128
100129
100130
100131
100132
100133
100134
100135
100136
100137
100138
100139
100140
100141
100142
100143
100144
100145
100146
100147
100148
100149
100150
100151
100152
100153
100154
100155
100156
100157
100158
100159
100160
100161
100162
100163
100164
100165
100166
100167
100168
100169
100170
100171
100172
100173
100174
100175
100176
100177
100178
100179
100180
100181
100182
100183
100184
100185
100186
100187
100188
100189
100190
100191
100192
100193
100194
100195
100196
100197
100198
100199
100200
100201
100202
100203
100204
100205
100206
100207
100208
100209
100210
100211
100212
100213
100214
100215
100216
100217
100218
100219
100220
100221
100222
100223
100225
100226
100227
100228
100229
100231
100232
100233
100234
100235
100236
100237
100238
100239
100240
100241
100242
100243
100244
100245
100246
100247
100248
100249
100250
100251
100252
100253
100254
100255
100256
100257
100258
100259
100260
100261
100262
100263
100264
100265
100266
100267
100268
100269
100270
100271
100272
100273
100274
100275
100276
100277
100278
100279
100281
100282
100283
100284
100285
100286
100287
100288
100289
100290
100291
100292
100293
100294
100295
100296
100297
100298
100299
100300
100301
100302
100303
100304
100305
100306
100307
100308
100309
100310
100311
100312
100313
100314
100315
100316
100317
100318
100319
100320
100321
100322
100323
100324
100325
100326
100327
100328
100329
100330
100331
100332
100333
100334
100335
100336
100337
100338
100339
100340
100341
100342
100343
100344
100345
100346
100347
100348
100349
100350
100351
100352
100353
100354
100355
100356
100357
100358
100359
100360
100361
100362
100363
100364
100365
100366
100367
100368
100369
100370
100371
100372
100373
100374
100375
100376
100377
100378
100379
100380
100381
100382
100383
100384
100385
100386
100387
100388
100389
100390
100391
100392
100393
100394
100395
100396
100397
100398
100399
100400
100401
100402
100403
100404
100405
100406
100407
100408
100409
100410
100411
100412
100413
100414
100415
100416
100417
100418
100419
100420
100421
100422
100424
100425
100426
100427
100428
100429
100430
100431
100432
100433
100434
100435
100436
100437
100438
100439
100440
100441
100442
100443
100444
100445
100446
100447
100448
100449
100450
100451
100452
100453
100454
100455
100456
100457
100458
100459
100460
100461
100462
100463
100464
100465
100466
100467
100468
100469
100470
100471
100472
100473
100474
100475
100476
100477
100478
100479
100480
100481
100482
100483
100484
100485
100486
100487
100488
100489
100490
100491
100492
100493
100494
100495
100496
100497
100498
100499
100500
100501
100502
100503
100504
100505
100506
100507
100508
100509
100510
100511
100512
100513
100514
100515
100516
100517
100518
100519
100520
100521
100522
100523
100524
100525
100526
100527
100528
100529
100530
100531
100532
100533
100534
100535
100536
100537
100538
100539
100540
100541
100542
100543
100544
100545
100546
100547
100548
100549
100550
100551
100552
100553
100554
100555
100556
100557
100558
100559
100560
100561
100562
100563
100564
100565
100566
100567
100568
100569
100570
100571
100572
100573
100574
100575
100576
100577
100578
100579
100580
100581
100582
100583
100584
100585
100586
100587
100588
100589
100590
100591
100592
100593
100594
100595
100596
100597
100598
100599
100600
100601
100602
100603
100604
100605
100606
100607
100608
100609
100610
100611
100612
100613
100614
100615
100616
100617
100618
100619
100620
100621
100622
100623
100624
100625
100626
100627
100628
100629
100630
100631
100632
100633
100634
100635
100636
100637
100638
100639
100640
100641
100642
100643
100644
100645
100646
100647
100648
100649
100650
100651
100652
100653
100654
100655
100656
100657
100658
100659
100660
100661
100662
100663
100664
100665
100666
100667
100668
100669
100670
100671
100672
100673
100674
100675
100676
100677
100678
100679
100680
100681
100682
100683
100684
100685
100686
100687
100688
100689
100690
100691
100692
100693
100694
100695
100696
100697
100698
100699
100700
100701
100702
100703
100704
100705
100706
100707
100708
100709
100710
100711
100712
100713
100714
100715
100716
100718
100719
100720
100721
100722
100723
100724
100725
100726
100727
100728
100729
100730
100731
100732
100733
100734
100735
100736
100738
100740
100741
100742
100743
100744
100745
100746
100747
100748
100749
100750
100751
100752
100753
100754
100755
100756
100757
100758
100759
100760
100761
100762
100763
100764
100765
100766
100767
100768
100769
100770
100771
100772
100774
100775
100776
100777
100778
100779
100780
100781
100782
100783
100785
100786
100787
100788
100789
100790
100791
100792
100794
100795
100796
100797
100798
100799
100800
100801
100802
100803
100804
100805
100806
100807
100808
100809
100811
100812
100813
100814
100815
100816
100818
100819
100821
100822
100823
100824
100825
100826
100827
100828
100829
100830
100831
100832
100833
100834
100835
100836
100837
100838
100839
100840
100841
100842
100843
100844
100845
100846
100847
100848
100849
100850
100851
100852
100853
100854
100855
100856
100857
100858
100859
100860
100861
100862
100863
100864
100865
100866
100869
100870
100871
100873
100874
100875
100876
100877
100878
100879
100880
100881
100882
100883
100884
100886
100887
100888
100890
100891
100892
100894
100895
100896
100897
100898
100900
100901
100902
100904
100905
100906
100907
100908
100909
100910
100911
100913
100914
100916
100917
100918
100919
100920
100921
100923
100924
100925
100927
100928
100929
100930
100931
100932
100933
100935
100939
100940
100941
100943
100944
100945
100946
100948
100949
100950
100951
100952
100953
100954
100956
100957
100958
100960
100961
100962
100963
100964
100965
100966
100967
100968
100969
100970
100971
100972
100974
300002
300003
300004
300005
300006
300007
300008
300009
300010
300011
300012
300013
300015
300016
300017
300018
300019
300020
300021
300022
300023
300024
300025
300026
300027
300028
300029
300030
300031
300032
300033
300034
300035
300037
300038
300039
300040
300041
300042
300043
300044
300045
300046
300047
300048
300049
300050
300051
300052
300053
300054
300055
300056
300057
300058
300059
300060
300061
300062
300063
300064
300065
300067
300068
300069
300070
300071
300072
300073
300074
300075
300076
300077
300078
300079
300080
300081
300082
300083
300084
300085
300086
300087
300088
300089
300090
300091
300092
300093
300095
300096
300097
300098
300099
300100
300101
300102
300103
300104
300105
300107
300108
300109
300110
300111
300112
300113
300114
300115
300116
300117
300118
300119
300120
300121
300122
300123
300124
300125
300126
300127
300128
300129
300130
300131
300132
300134
300135
300136
300137
300138
300139
300140
300141
300142
300143
300144
300145
300146
300147
300148
300149
300150
300153
300154
300155
300157
300158
300159
300160
300161
300162
300163
300164
300165
300166
300167
300168
300169
300170
300171
300172
300173
300174
300175
300176
300177
300178
300179
300181
300182
300183
300184
300185
300186
300187
300188
300189
300190
300191
300192
300193
300194
300195
300196
300197
300198
300199
300200
300201
300202
300204
300205
300206
300207
300208
300209
300210
300211
300212
300213
300214
300215
300216
300217
300219
300220
300221
300223
300225
300226
300227
300228
300229
300230
300231
300232
300233
300237
300238
300239
300240
300241
300242
300243
300244
300246
300248
300249
300251
300252
300253
300254
300255
300256
300258
300259
300260
300261
300262
300263
300265
300266
300267
300268
300269
300271
300272
300273
300274
300275
300276
300277
300278
300279
300281
300282
300283
300285
300286
300287
300288
300289
300290
300291
300292
300293
300294
300295
300296
300298
300299
300301
300302
300303
300304
300305
300306
300307
300308
300310
300311
300312
300313
300314
300315
300317
300320
300321
300322
300323
300324
300325
300326
300327
300328
300329
300331
300332
300333
300334
300335
300336
300338
300339
300341
300342
300343
300344
300345
300346
300347
300348
300349
300350
300351
300352
300353
300354
300355
300356
300357
300358
300359
300360
300361
300362
300363
300364
300366
300367
300368
300369
300370
300372
300373
300374
300375
300376
300377
300378
300380
300381
300385
300387
300388
300389
300390
300391
300392
300393
300394
300395
300396
300397
300398
300399
300400
300401
300402
300403
300404
300405
300406
300407
300409
300410
300411
300412
300413
300414
300415
300417
300418
300419
300420
300421
300422
300423
300424
300425
300427
300428
300430
300431
300432
300433
300434
300435
300436
300437
300438
300439
300440
300441
300442
300443
300444
300445
300446
300447
300448
300449
300450
300451
300452
300453
300454
300455
300456
300457
300458
300459
300460
300461
300462
300463
300464
300465
300466
300467
300468
300469
300470
300471
300472
300473
300474
300475
300476
300477
300478
300479
300480
300481
300482
300483
300484
300485
300486
300487
300488
300489
300490
300491
300492
300493
300495
300496
300497
300498
300499
300500
300501
300502
300503
300504
300505
300506
300507
300508
300509
300510
300511
300512
300513
300514
300515
300516
300517
300518
300519
300520
300521
300522
300523
300524
300525
300526
300527
300528
300529
300530
300531
300532
300533
300534
300535
300536
300537
300538
300539
300540
300541
300542
300545
300546
300547
300548
300549
300550
300551
300552
300553
300554
300555
300556
300557
300558
300559
300560
300561
300562
300563
300564
300565
300566
300567
300568
300569
300570
300571
300572
300573
300574
300575
300576
300577
300578
300579
300580
300581
300582
300583
300584
300585
300586
300587
300588
300589
300590
300591
300592
300593
300594
300595
300596
300597
300598
300599
300600
300601
300602
300603
300604
300605
300606
300608
300610
300611
300612
300613
300614
300615
300616
300617
300618
300619
300621
300622
300623
300624
300625
300626
300627
300628
300629
300630
300631
300632
300633
300634
300635
300636
300637
300638
300639
300640
300641
300642
300643
300644
300646
300647
300648
300649
300651
300652
300654
300655
300657
300658
300659
300661
300662
300663
300664
300665
300666
300667
300668
300670
300672
300673
300674
300675
300676
300678
300679
300680
300681
300682
300683
300684
300685
300686
300687
300688
300689
300690
300691
300693
300694
300695
300697
300698
300699
300700
300702
300703
300704
300705
300706
300707
300708
300709
300710
300711
300712
300713
300714
300715
300716
300717
300718
300719
300720
300721
300722
300723
300724
300725
300726
300727
300728
300729
300730
300732
300734
300735
300736
300737
300738
300739
300740
300741
300742
300743
300744
300745
300747
300748
300749
300750
300751
300753
300754
300755
300756
300757
300758
300760
300761
300762
300763
300764
300765
300767
300768
300769
300770
300771
300772
300773
300775
300776
300777
300778
300779
300780
300781
300782
300783
300784
300785
300786
300787
300788
300789
300790
300792
300793
300794
300795
300796
300797
300798
300799
300800
300801
300802
300803
300804
300805
300807
300808
300809
300810
300811
300812
300814
300815
300817
300818
300819
300821
300822
300823
300825
300826
600001
600002
600003
600004
600005
600006
600007
600008
600009
600010
600011
600012
600013
600014
600015
600016
600017
600018
600019
600020
600021
600022
600023
600024
600025
600026
600027
600028
600029
600030
600031
600032
600033
600034
600035
600036
600037
600039
600040
600041
600042
600043
600044
600046
600047
600048
600049
600050
600051
600052
600053
600054
600055
600056
600057
600058
600059
600060
600061
600062
600063
600064
600065
600066
600067
600068
600069
600070
600071
600072
600073
600074
600075
600076
600077
600078
600080
600081
600082
600083
600084
600086
600087
600088
600089
600091
600092
600093
600094
600095
600096
600097
600098
600099
600100
600101
600102
600103
600104
600105
600106
600107
600108
600109
600110
600111
600112
600113
600114
600115
600116
600117
600118
600119
600120
600123
600124
600125
600126
600127
600128
600129
600130
600131
600132
600133
600134
600135
600136
600137
600138
600139
600140
600141
600142
600143
600144
600145
600146
600147
600148
600149
600150
600151
600152
600153
600154
600155
600156
600157
600158
600159
600160
600161
600162
600163
600164
600165
600166
600167
600168
600169
600170
600171
600172
600173
600174
600175
600176
600177
600178
600179
600180
600181
600182
600183
600184
600185
600186
600187
600188
600189
600190
600191
600192
600193
600194
600195
600196
600197
600198
600199
600200
600201
600202
600203
600204
600205
600206
600207
600208
600209
600210
600211
600212
600213
600214
600215
600216
600218
600219
600220
600221
600222
600223
600224
600225
600226
600227
600228
600229
600230
600231
600232
600233
600234
600235
600236
600237
600238
600239
600240
600241
600242
600243
600244
600245
600246
600247
600248
600249
600250
600252
600253
600254
600256
600257
600258
600259
600260
600261
600262
600264
600265
600266
600267
600268
600269
600270
600271
600272
600273
600274
600275
600276
600277
600278
600279
600280
600281
600282
600283
600285
600286
600287
600288
600289
600290
600292
600294
600295
600297
600298
600299
600300
600302
600303
600305
600306
600307
600308
600309
600310
600311
600312
600314
600316
600317
600318
600321
600322
600323
600325
600326
600327
600328
600329
600330
800001
800002
800003
800004
800005
800006
800007
800008
800009
800010
800011
800012
800013
800014
800017
800018
800019
800020
800021
800023
800024
800025
800026
800027
800028
800029
800030
800031
800032
800033
800034
800035
800036
800037
800038
800039
800040
800041
800042
800043
800045
800046
800047
800048
800050
800051
800052
800053
800054
800055
800056
800058
800059
800060
800061
800062
800063
800064
800065
800066
800068
800069
800070
800071
800072
800073
800074
800075
800076
800077
800078
800079
800080
800081
800082
800083
800084
800085
800087
800088
800089
800090
800091
800092
800093
800094
800097
800098
800099
800100
800101
800102
800103
800104
800105
800106
800107
800109
800110
800111
800112
800113
800114
800115
800116
800117
800118
800119
800120
800122
800124
900001
900002
900004
900005
900006
900007
900008
900009
900010
900011
900012
900013
900014
900015
900016
900017
900018
900019
900020
900021
900022
900023
900024
900025
900026
900027
900028
900029
900030
900031
900032
900033
900034
900035
900036
900037
900038
900039
900040
900041
900042
900043
900044
900045
900046
900047
900048
900049
900050
900051
900052
900053
900054
900055
900056
900057
900060
900061
900063
900064
900066
100868
100975
100985
100989
100992
100995
100997
101002
101003
101004
101010
101011
101021
101022
101026
101030
101031
101036
101040
101048
101050
101064
101065
101070
101074
101075
101084
101087
101089
101090
101092
101095
101096
101097
101100
101102
100983
100988
100998
100999
101005
101007
101016
101019
101053
101058
101061
101077
101099
101101
100893
100984
100986
100987
100993
100994
100996
101001
101013
101024
101029
101034
101037
101038
101046
101047
101049
101054
101055
101060
101063
101073
101076
101079
101082
101085
101103
100817
100915
100955
100959
100978
100979
100980
100990
101009
101014
101017
101018
101023
101028
101032
101035
101051
101059
101069
101080
101093
101105
100903
100938
100981
100991
101006
101012
101020
101025
101039
101057
101066
101071
101098
100977
100982
101000
101008
101015
101027
101042
101067
101081
300733
300824
300828
300830
300832
300843
300845
300846
300853
300859
300860
300865
300870
300876
300882
300884
300887
300892
300895
300897
300903
300906
300911
300912
300920
300831
300833
300834
300837
300838
300840
300842
300847
300854
300856
300864
300875
300878
300880
300888
300891
300893
300907
300909
300916
300917
300925
300820
300829
300836
300849
300851
300858
300862
300871
300873
300883
300896
300898
300901
300926
300774
300827
300835
300839
300841
300844
300855
300857
300863
300868
300877
300889
300890
300894
300904
300905
300914
300918
300922
300923
300850
300852
300879
300885
300902
300919
300924
300813
300867
600255
600320
600334
600339
600347
600351
600357
600364
600365
600332
600338
600353
600355
600356
600363
600368
600333
600335
600336
600344
600345
600348
600349
600361
600366
600367
600372
600346
600371
600337
600343
600350
600352
600359
600360
600362
600313
600340
600369
800127
800108
800126
800128
800129
800131
800132
800134
800096
800125
800130
800133
800135
900072
900073
900068
300927
300929
300931
300932
300935
300930
900067
100936
101107
101116
101119
101129
101139
101141
101145
101147
101155
101157
101161
101112
101114
101140
101148
101149
101162
101120
101121
101124
101125
101131
101134
101136
101142
101143
101144
101152
101159
101108
101133
101137
101138
101153
101158
101086
101146
101150
300934
300950
300953
300954
300956
300957
300965
300969
300972
300973
300941
300952
300959
300962
300964
300966
300970
300971
300979
300937
300943
300946
300958
300960
300961
300940
300955
300975
600377
600381
600384
600389
600342
600383
600388
600390
600380
600341
600374
600412
600358
600411
800123
800137
800138
800141
800142
900075
900069
900077
900080
101106
101113
101118
101122
101135
101156
101160
101165
101169
101174
101176
101177
101178
101180
101183
101184
101191
101192
101195
101196
101197
101201
101202
101207
101208
101211
101213
101215
101218
101222
100976
101091
101115
101126
101171
101179
101182
101185
101188
101200
101204
101205
101209
101217
101221
101056
101111
101123
101168
101189
101190
101199
101206
101212
101078
101088
101094
101127
101164
101175
101198
101203
101216
101110
101151
101172
101186
101043
101109
101181
101193
101210
101214
300938
300942
300980
300981
300985
300991
300993
301001
301013
301017
301019
301023
301028
300908
300933
300945
300951
300982
300983
300984
300988
300992
300994
300996
300997
301005
301007
301012
301016
301020
300976
300977
300990
301002
301006
301014
301015
301018
301021
301024
301030
300928
300936
300939
300947
300949
300968
300986
300998
301000
301003
301011
300921
300948
301026
300974
300978
600354
600378
600393
600396
600399
600409
600413
600386
600387
600394
600398
600400
600406
600407
600379
600392
600401
600404
600408
600375
600376
600382
600397
600403
600405
600410
600385
600391
600395
600402
600418
800121
800140
800147
800136
800143
800145
800148
900079
900081
900078
900082
101173
101233
101234
101238
101244
101245
101258
101265
101273
101276
101281
101223
101264
101266
101268
101280
101286
101167
101220
101229
101247
101251
101256
101283
101287
101128
101228
101230
101232
101248
101257
101263
101272
101279
101284
101224
101237
101240
101242
101243
101250
101252
101255
101259
101260
101267
101269
101271
101278
101239
101241
101246
101253
101270
101277
101282
101285
301010
301037
301038
301040
301041
301051
301052
301054
301055
301059
301060
301064
301069
301070
301080
301025
301036
301039
301043
301053
301057
301063
301067
301071
301073
301078
301081
301034
301042
301045
301047
301049
301061
301062
301065
301068
301077
301083
301032
301044
301048
301050
300989
301046
301056
301072
301074
301079
301031
301058
600416
600421
600422
600424
600426
600429
600430
600433
600370
600428
600431
600415
600425
600414
600417
600419
600423
600432
800144
600462
600472
600459
600464
600468
600471
600469
600470
101225
101227
101261
101290
101293
101294
101295
101296
101297
101301
101302
101303
101309
101310
101313
101314
101317
101318
101319
101324
101325
101326
101327
101328
101332
101336
101337
101341
101344
101348
101349
101351
101354
101357
101359
101364
101365
101366
101367
101368
101372
101373
101374
101375
101377
101380
101383
101384
101387
101388
101390
101394
101395
101397
101400
101401
101402
101407
101413
101414
101288
101306
101370
101381
101385
101392
101404
101408
101166
101170
101289
101291
101304
101311
101315
101320
101321
101333
101338
101371
101379
101382
101386
101163
101254
101274
101292
101300
101322
101335
101340
101343
101346
101347
101353
101362
101393
101398
101399
101405
101298
101352
101406
101307
101308
101323
101389
300995
300999
301075
301087
301100
301112
301119
301120
301121
301131
301137
301141
301145
301152
301153
301158
301167
301171
301176
300987
301008
301027
301033
301035
301086
301088
301089
301096
301097
301102
301103
301104
301107
301110
301117
301124
301126
301134
301135
301139
301147
301156
301157
301162
301163
301169
301170
301173
301175
301076
301082
301094
301098
301111
301132
301161
301164
301165
301166
301009
301091
301106
301114
301115
301116
301123
301128
301150
301151
301159
301160
301174
301180
301181
301085
301093
301105
301125
301129
301138
301148
301149
301172
301177
301178
301183
600435
600436
600446
600455
600457
600460
600461
600467
600473
600437
600439
600441
600463
600447
600373
600444
600448
600442
600443
600445
800151
800152
800146
800153
900065
900085
900090
900099
900070
900086
900096
101339
101342
101345
101363
101396
101403
101409
101415
101418
101420
101423
101424
101426
101427
101428
101431
101432
101435
101436
101437
101442
101446
101448
101453
101458
101459
101462
101463
101465
101466
101467
101468
101470
101472
101475
101476
101477
101478
101481
101438
101440
101441
101447
101454
101456
101461
101464
101474
101236
101299
101305
101330
101331
101350
101356
101416
101417
101419
101429
101434
101471
101235
101334
101369
101422
101425
101430
101433
101443
101445
101449
101451
101455
101457
101460
101469
101329
101480
301099
301109
301143
301168
301179
301182
301185
301210
301214
301219
301222
301227
301232
301090
301092
301108
301140
301146
301187
301188
301190
301192
301196
301220
301230
301127
301130
301142
301193
301197
301201
301203
301208
301212
301213
301217
301218
301225
301226
301233
301095
301133
301136
301186
301194
301195
301209
301215
301223
301224
301231
301234
301202
301206
301155
301198
600427
600456
600458
600465
600474
600475
600476
600482
600485
600490
600434
600453
600479
600481
600492
600450
600451
600477
600484
600488
600486
600487
600489
600478
600491
600493
600449
800139
800158
800160
800149
800156
800163
800164
800168
800169
800170
900083
900093
101391
101444
101482
101487
101488
101489
101491
101492
101493
101495
101496
101497
101498
101503
101511
101512
101518
101520
101521
101522
101527
101535
101538
101539
101544
101545
101486
101490
101526
101528
101540
101312
101484
101502
101506
101507
101508
101509
101523
101525
101529
101531
101532
101546
101479
101499
101501
101514
101516
101519
101530
101534
101541
101483
101494
101500
101504
101505
101510
101537
101543
101485
101515
101517
301239
301240
301242
301248
301256
301263
301264
301266
301269
301273
301280
301282
301243
301250
301252
301254
301255
301265
301268
301271
301274
301281
301191
301204
301205
301236
301249
301251
301261
301267
301270
301277
301278
301279
301184
301235
301238
301241
301244
301245
301246
301253
301257
301259
301262
301272
301275
301276
301283
600480
600495
600503
600507
600508
600498
600510
600514
600497
600499
600500
600501
600504
600505
600496
600506
600512
600513
600511
800166
900095
101378
101549
101560
101567
101569
101571
101579
101581
101589
101595
101596
101598
101600
101602
101611
101533
101562
101578
101548
101568
101582
101586
101597
101599
101608
101361
101542
101555
101574
101576
101585
101604
101606
101550
101554
101558
101561
101563
101572
101573
101577
101580
101584
101587
101592
101593
101594
101552
101557
101559
101566
101570
101588
101601
101605
101609
301288
301292
301293
301295
301298
301308
301309
301311
301313
301314
301325
301335
301336
301289
301294
301296
301297
301300
301306
301310
301315
301328
301329
301332
301333
301337
301338
301286
301291
301299
301301
301316
301319
301320
301321
301322
301323
301287
301327
301302
301304
301305
301307
301312
301324
301326
301331
301334
600438
600528
600531
600534
600519
600523
600524
600532
600533
600526
600517
600521
600522
600525
600529
600515
800157
800175
800171
800173
900105
900091
900104
900106
900107
101536
101553
101411
101524
101547
101551
301303
301317
600516
800174
800172
301284
900089
